714
63	84	1
392	91	1
121	13	1
105	106	1
27	252	3
207	60	2
117	14	1
351	1	0
142	45	3
5	91	1
20	9	1
171	1	0
114	146	6
95	91	1
278	1	0
155	1	0
123	1	0
75	2	1
209	137	3
182	28	3
10	75	5
205	28	2
28	188	1
33	377	3
83	81	1
288	93	5
235	93	2
56	93	4
179	11	2
93	116	3
83	6	1
81	90	1
300	147	1
23	5	1
147	137	3
7	109	1
375	166	3
221	40	2
187	313	1
321	1	0
4	8	1
7	24	1
255	1	0
64	65	2
376	1	0
117	74	3
193	76	3
254	32	3
44	358	3
5	96	1
288	78	2
44	367	3
7	95	1
30	89	1
12	2	1
33	34	1
405	1	0
47	238	3
29	41	1
90	74	3
137	74	1
100	56	1
174	1	0
173	153	2
12	9	1
211	184	3
165	1	0
120	121	3
90	91	1
343	1	0
113	2	1
44	86	3
270	397	4
277	1	0
109	91	1
141	43	3
7	63	1
261	56	5
83	24	1
105	188	1
81	23	1
113	74	1
243	244	6
382	253	3
127	63	1
229	18	3
56	3	1
346	1	0
215	11	2
3	13	1
113	56	1
3	34	1
133	11	2
81	117	1
196	1	0
162	1	0
379	1	0
184	131	3
388	18	3
243	213	2
26	102	1
15	74	3
41	89	1
320	112	6
113	34	1
4	90	1
38	2	1
4	23	1
14	50	1
28	12	3
157	60	2
127	96	1
33	314	3
337	93	5
146	86	2
33	98	4
52	93	3
28	227	1
121	2	1
102	182	1
326	11	2
216	60	5
81	5	1
56	9	1
69	1	0
135	41	1
274	86	5
38	20	1
109	8	1
38	75	1
323	1	0
176	31	6
65	103	1
137	3	1
95	74	3
241	62	2
281	56	3
256	1	0
20	12	1
319	1	0
226	113	3
113	121	1
395	60	3
16	1	0
35	270	5
186	313	1
33	38	1
98	60	3
378	1	0
30	104	1
100	12	1
185	76	1
38	12	1
72	166	1
56	13	1
81	6	1
230	34	5
100	13	1
100	3	1
15	24	1
90	15	1
4	15	1
318	34	3
127	74	3
95	96	1
60	298	4
67	104	1
118	119	2
79	18	3
7	14	1
20	121	1
183	184	3
7	84	1
390	1	0
81	95	1
172	113	5
161	1	0
33	75	1
7	81	1
24	74	3
106	188	1
122	9	3
308	108	5
316	1	0
38	137	1
109	63	1
90	5	1
266	121	3
81	14	1
273	1	0
100	2	1
48	49	3
84	15	1
188	12	3
60	181	3
344	137	5
59	60	3
117	8	1
311	60	5
263	238	3
348	1	0
128	175	6
127	91	1
396	9	3
191	1	0
139	9	2
217	18	3
4	91	1
267	1	0
360	9	3
264	265	6
170	199	2
107	108	2
37	38	2
7	6	1
91	8	1
83	127	1
190	43	2
25	26	3
164	1	0
75	3	1
4	24	1
249	187	1
12	56	1
7	117	1
121	34	1
67	81	3
222	330	3
246	271	3
221	93	5
127	90	1
296	1	0
187	13	3
233	1	0
293	26	5
38	13	1
159	38	2
282	253	3
48	77	1
220	93	2
63	90	1
341	1	0
127	8	1
63	117	1
328	1	0
250	380	3
137	9	1
359	305	6
48	76	1
19	33	5
113	20	1
259	322	6
374	56	3
26	28	3
403	2	1
63	91	1
234	1	0
29	30	1
83	117	1
46	311	6
301	1	0
100	20	1
9	74	1
71	33	5
210	33	5
78	298	4
81	15	1
3	74	1
4	7	1
361	44	3
23	24	1
297	1	0
208	137	2
204	86	2
33	12	1
111	1	0
33	56	1
86	304	4
12	137	1
46	60	2
113	100	1
92	93	2
4	83	1
117	50	1
204	78	5
56	74	1
51	52	2
371	27	3
127	95	1
4	95	1
185	77	1
27	78	3
186	187	1
210	261	6
84	91	1
67	89	1
63	50	1
63	6	1
243	86	5
109	127	1
44	203	3
227	106	1
250	32	3
83	90	1
45	374	1
310	1	0
59	77	4
105	12	3
8	24	1
306	1	0
14	74	3
21	11	2
75	13	1
259	166	5
83	96	1
261	33	2
57	33	5
284	18	3
107	93	5
112	49	5
137	34	1
247	1	0
136	52	5
4	14	1
180	1	0
160	56	2
160	38	5
130	1	0
14	23	1
27	28	4
34	74	1
249	13	3
6	15	1
137	93	1
126	1	0
248	33	5
221	39	6
65	26	1
95	50	1
41	81	3
175	113	5
20	56	1
75	9	1
60	356	3
143	78	3
289	1	0
83	74	3
117	15	1
46	47	5
63	23	1
38	56	1
288	235	6
50	91	1
33	286	3
33	58	3
92	119	5
127	84	1
37	214	6
4	84	1
303	1	0
167	181	3
257	65	5
80	67	1
242	1	0
2	74	1
91	96	1
60	406	3
49	131	1
96	74	3
110	1	0
80	41	1
91	24	1
78	12	4
326	34	5
12	13	1
75	74	1
4	63	1
14	15	1
95	23	1
336	1	0
186	249	1
80	30	1
121	74	1
179	391	5
25	372	4
223	93	5
145	62	2
77	49	3
51	60	5
257	64	6
190	124	6
49	38	3
265	74	5
105	28	1
81	50	1
269	113	3
83	15	1
95	84	1
38	9	1
385	72	3
315	1	0
6	24	1
84	5	1
64	185	5
359	45	5
71	62	2
91	15	1
14	5	1
75	20	1
4	6	1
95	14	1
81	63	1
12	34	1
4	74	3
173	78	5
102	103	1
185	48	3
91	74	3
333	1	0
33	20	1
22	1	0
324	60	2
121	3	1
75	12	1
366	78	3
15	8	1
52	268	3
103	154	1
305	28	5
20	137	1
33	137	1
401	1	0
334	3	3
39	40	5
12	74	1
128	129	5
127	24	1
29	89	1
84	74	3
135	80	1
113	137	1
89	104	1
81	96	1
209	147	1
383	1	0
109	95	1
33	163	3
222	32	3
50	96	1
86	93	3
201	1	0
113	12	1
381	1	0
21	113	5
55	56	5
17	60	5
72	131	3
7	96	1
83	95	1
90	50	1
6	96	1
43	181	3
7	23	1
251	1	0
75	121	1
215	75	5
6	8	1
4	81	1
90	8	1
317	238	3
227	12	3
113	3	1
364	1	0
84	8	1
138	33	5
13	74	1
33	2	1
137	121	1
225	75	5
63	74	3
335	75	5
38	74	1
48	185	1
84	90	1
143	106	4
66	38	5
75	137	1
258	9	3
65	154	1
140	9	5
56	121	1
52	365	3
320	49	2
86	389	3
112	113	2
245	72	3
14	24	1
190	52	5
272	1	0
14	96	1
83	84	1
28	106	1
219	93	2
236	1	0
55	11	2
239	137	3
109	84	1
90	23	1
117	24	1
197	1	0
154	28	3
38	34	1
159	160	6
109	117	1
177	178	3
52	202	4
157	169	5
117	96	1
93	181	3
95	90	1
83	50	1
50	24	1
33	121	1
9	34	1
274	78	2
33	181	3
322	166	2
94	1	0
113	9	1
43	340	3
124	43	5
136	60	2
131	38	3
12	3	1
117	90	1
135	104	1
386	1	0
113	38	1
354	67	1
95	24	1
225	11	2
124	52	2
30	81	3
152	12	2
249	313	1
264	294	5
63	96	1
309	1	0
83	5	1
89	81	3
50	74	3
8	74	3
2	3	1
302	56	3
335	11	2
148	1	0
118	93	5
95	117	1
5	24	1
29	104	1
140	38	2
95	15	1
274	204	6
95	8	1
299	3	3
186	13	3
363	43	3
23	96	1
100	9	1
387	1	0
66	62	2
81	84	1
132	1	0
100	121	1
88	43	3
7	50	1
38	100	1
23	91	1
99	276	2
117	5	1
342	86	3
100	34	1
45	281	1
384	1	0
2	34	1
238	307	3
279	1	0
127	5	1
260	1	0
72	73	4
287	1	0
85	1	0
4	127	1
285	1	0
331	1	0
19	20	2
239	147	1
7	90	1
219	220	6
68	1	0
103	182	1
192	193	1
18	339	4
29	67	1
76	77	1
109	15	1
4	117	1
70	1	0
117	6	1
135	30	1
253	254	3
275	1	0
90	96	1
109	6	1
33	28	1
113	33	1
134	1	0
189	11	2
312	229	3
4	50	1
151	1	0
6	50	1
212	32	5
109	24	1
235	78	5
38	49	3
167	168	3
82	1	0
135	67	1
313	13	3
6	14	1
10	11	2
322	105	5
109	96	1
83	63	1
6	84	1
280	113	3
44	45	4
65	28	3
152	173	6
117	23	1
12	121	1
80	104	1
373	1	0
17	18	2
5	15	1
244	86	2
127	50	1
127	6	1
149	1	0
136	51	6
42	43	3
212	213	2
45	54	1
6	90	1
9	3	1
237	238	3
81	74	3
100	75	1
29	81	3
57	11	2
244	213	5
31	32	5
394	1	0
75	34	1
170	205	6
127	23	1
20	34	1
393	1	0
337	108	2
81	24	1
113	75	1
368	1	0
200	18	3
114	86	5
216	217	2
109	5	1
257	185	2
105	227	1
84	96	1
172	62	2
223	224	2
92	118	6
209	300	1
6	91	1
100	74	1
53	1	0
95	6	1
206	72	3
7	83	1
232	1	0
4	5	1
290	291	4
23	15	1
207	17	6
31	93	2
33	74	1
63	15	1
117	84	1
5	8	1
90	24	1
101	1	0
20	3	1
109	90	1
20	74	1
146	78	5
9	2	1
61	33	5
338	1	0
117	91	1
50	23	1
33	13	1
104	81	3
7	5	1
