7
1	67	63	392	121	105	117	5	20	95	75	28	83	81	300	23	7	187	4	30	12	33	29	137	100	90	113	109	127	56	3	26	41	38	14	102	135	65	186	185	72	15	67	106	84	91	249	48	403	9	227	45	8	34	6	50	80	2	49	103	89	209	13	354	239	192	76	96	154
1	67	84	91	13	106	14	9	2	188	81	6	90	147	5	109	313	8	24	96	95	89	34	41	74	56	63	23	3	117	102	50	227	182	20	75	103	12	121	38	104	76	166	15	137	127	187	77	30	7	100	83	374	93	26	67	131	249	28	154	80	185	281	193	33	54	300	209	29
3	132	27	142	209	182	33	93	147	375	117	193	254	44	47	90	211	120	141	382	229	184	388	15	28	52	95	281	226	395	98	318	127	79	183	24	122	266	48	188	60	59	263	396	217	360	25	67	222	246	187	282	250	374	26	361	371	105	14	284	249	41	143	83	167	96	77	49	269	385	4	185	91	366	334	84	86	72	43	317	227	63	258	245	239	154	177	131	30	89	50	8	302	299	186	363	88	342	238	253	312	38	313	280	65	42	237	81	29	200	206	104	228	78	97	102	300	166	6	80	192	76	103	7	54	23	109	400	106	231	5	352	325	135
3	64	252	45	137	28	377	116	166	74	76	32	358	367	238	184	121	86	43	253	18	131	12	314	93	56	113	60	34	9	49	181	26	81	330	271	13	380	44	27	78	203	356	286	58	406	38	72	48	268	3	163	365	389	178	340	307	254	229	168	103	150	404	329	87	283
2	83	207	205	235	179	221	64	288	173	215	133	243	157	146	326	241	118	139	170	107	37	190	159	220	208	204	46	92	51	21	261	160	145	71	324	320	112	219	55	274	322	136	225	124	152	335	140	66	99	19	189	10	17	244	212	57	337	216	257	172	223	31	128	264	293	175	359	311	259	230	35	305	61	39	138	214	308	265	36	114	210	344	176	248
2	44	60	28	93	11	40	65	78	153	213	86	62	119	9	199	108	38	43	137	52	33	56	49	113	166	12	276	20	18	217	185	224	74	13	129	47	105	357	266	45	227	294	270	34	32
0	114	351	171	278	155	123	321	255	376	405	174	165	343	277	346	196	162	379	69	323	256	319	16	378	390	161	316	273	348	191	267	164	296	233	341	328	234	301	297	111	310	306	247	180	130	126	289	303	242	110	336	315	333	22	401	383	201	381	251	364	272	236	197	94	386	309	148	387	132	384	279	260	287	85	285	331	68	70	275	134	151	82	373	149	394	393	368	53	232	101	338	369	218	0	240	345	353	295	125	355	195	370	144	332	198	362	156	262	398	347	402	327	115	292	158
0	1	1
6	27	114	243	320	176	128	264	359	259	46	210	221	288	37	257	190	159	274	219	152	136	170	92	207	139	344	35	337
6	27	146	244	112	31	175	265	305	322	311	261	39	235	214	64	124	160	204	220	173	51	205	118	17	140	208	36	308
5	83	10	288	261	337	216	274	35	230	172	308	344	311	221	293	19	71	210	204	243	259	57	107	112	136	160	248	175	46	92	257	326	179	223	51	265	64	359	173	305	39	128	21	55	17	215	138	225	335	66	140	190	157	124	264	118	212	235	322	244	31	114	146	61	99	205	152	170	207	36	241	139	208	133	159	37	320	220	176	214	189	324	145	219
5	39	75	93	56	60	86	270	34	113	108	137	26	33	78	166	49	52	38	47	119	65	391	74	185	45	28	40	129	9	169	43	294	32	105	213	199	153	18	266	227
4	18	56	270	33	60	78	86	59	27	25	143	52	72	18	44	290	13	45	349
4	18	93	397	98	298	304	77	28	12	372	106	202	73	339	45	291	399	194	350
