10
0	94	7	254	87	0	17	152	223	122	347	8	37	81	34	149	470	55	13	328	90	85	422	357	60	214	294	275	68	91	92	77	46	141	217	132	215	219	230	27	212	105	28	293	229	4	220	49	79	202	196	78	351	104	366	413	88	405	163	318	284	67	501	287	129	15	53	25	416	268	95	320	329	477	432	145	505	423	498	50	484	414	176	396	155	54	169	446	38	408	383	168	206	56	388	164
0	147	9	92	221	29	5	35	54	18	207	111	82	33	171	114	48	176	230	56	500	294	260	16	282	487	192	44	36	110	496	375	61	83	441	50	229	258	329	127	194	384	459	478	334	197	72	28	213	55	343	379	488	64	203	147	66	475	322	335	412	179	164	372	437	206	68	461	480	150	235	265	303	87	444	215	472	216	73	389	47	494	490	374	238	321	270	415	94	259	469	241	431	225	231	58	119	473	361	134	222	226	14	400	466	266	417	439	26	88	205	467	330	489	468	249	317	148	493	474	348	285	427	124	376	332	402	499	97	331	449	201	421	19	204	302	71	312	0	89	240	1	342	267	464	397	117	178	447
1	125	99	410	292	228	314	210	189	184	109	70	10	278	344	106	247	131	246	299	341	51	243	440	74	234	301	338	390	133	156	139	325	286	23	298	162	340	483	151	310	123	102	381	195	404	339	59	395	167	208	101	425	288	121	429	443	319	76	276	227	84	96	448	291	295	263	165	125	181	380	185	253	232	177	353	39	261	174	420	103	316	65	143	31	392	188	108	193	2	264	352	271	137	30	305	359	218	100	406	296	172	173	455	350	182	20	128	86	304	308	118	170	326	251	41	471	386	452	424	398	399	323	42	409	239	355
1	35	0	60	242	87	25	46	132	166	202	28	88	211	311	17	168	289	465	327	13	212	476	394	40	126	354	8	3	27	306	34	233	252	230	365	345
2	60	393	209	112	313	419	153	426	236	273	187	57	237	382	418	371	428	360	130	160	281	462	283	93	502	370	336	6	463	224	257	183	80	120	290	115	364	62	269	175	377	442	142	11	45	403	272	346	135	486	280	492	157	497	144	191	411	434	356	245	438
2	11	13	8	7	46	4	122	81	141	17	34	85
4	172	193	319	123	261	76	404	106	180	98	23	243	450	288	185	227	349	10	239	341	373	137	109	471	116	339	378	387	455	323	248	452	340	41	271	301	353	228	482	436	309	100	276	188	51	107	456	74	386	42	263	128	131	429	295	279	264	445	253	304	146	430	30	359	479	362	177	435	121	200	170	65	407	406	167	350	190	448	96	305	367	246	181	420	232	31	307	399	483	103	198	278	425	59	385	234	485	460	20	390	99	292	395	381	286	355	443	247	159	451	172	151	189	165	101	113	255	173	454	274	401	39	495	210	310	380	296	70	21	251	218	410	368	184	363	84	324	299	143	314	352	325	291	440	174	139	308	182	392	108	409	86	326	338	297	125	102	344	133	250	118	398	162	156	316	424	195	138	140	208	2	298	503
4	43	32	87	24	46	95	22	333	212	75	37	329	13	25	7	0	52	38	327	104	8	413	28	122	79	141	230	55	4	88	17	85	369	34	27	202	81	90	68	166	56	60	168	15
6	7	208	195	165	185	324	102	172
6	7	118	181	296	253	435	103	30
5	4	62	336	157	115
5	5	504	337	158	69	63
7	8	191	209	153	11	135	62	160	157
7	10	457	300	154	244	136	453	433	161	481	186
3	5	209	11	273	135	153
3	4	256	43	12	199
8	6	277	358	391	458	262	315
8	1	131
9	1	62
9	1	491
