11
7	4	16	124	74	37
7	4	71	4	30	38
5	7	122	94	121	52	31	62	10
5	10	7	104	111	53	95	32	63	126	110	11
0	11	116	107	137	86	3	69	18	114	101	0	21
0	11	117	108	138	87	67	96	19	115	127	1	78
1	37	56	83	98	65	132	58	84	57	44	102	42	85	23	118	139	145	114	41	128	43	0	97	26	89	36	15	5	125	143	75	13	68	90	29	2	72	22
1	13	2	17	36	40	58	28	41	51	69	3	130	9	23
4	14	113	33	14	64	141	66	93	8	99	12	131	136	45	73
4	3	15	9	13
6	33	144	47	129	48	34	37	25	54	103	60	27	123	74	124	4	24	35	49	140	82	133	46	59	105	30	120	16	106	38	20	55	81	39
6	12	69	40	28	17	85	23	5	36	50	89	41	21
2	26	38	39	109	55	48	60	74	24	20	59	106	123	49	16	46	30	37	103	82	4	81	124	120	133	25	34
2	11	17	40	98	5	61	41	23	26	28	69	36
3	8	111	79	95	6	63	76	91	110
3	8	112	80	104	7	88	77	92	32
9	4	80	91	79	76
9	1	119
8	9	37	48	38	82	100	70	109	55	134
8	6	16	4	71	101	38	70
10	2	134	74
10	2	135	142
