12
0	37	143	102	0	84	132	26	54	29	95	71	83	145	100	104	88	118	99	125	75	78	23	25	128	130	65	85	19	46	105	50	45	129	101	68	5	66	146
0	13	53	41	1	85	45	67	8	69	71	68	148	16	26
3	32	70	15	77	40	144	91	22	18	126	12	62	9	7	51	48	52	64	38	44	82	147	34	47	138	37	24	124	33	42	141	98	72
3	11	26	16	8	88	41	53	65	39	45	20	71
5	26	7	38	37	91	51	56	33	64	15	59	22	72	77	62	47	18	36	133	9	40	12	24	70	48	82	34
5	11	45	26	16	41	8	23	66	63	19	53	71
11	2	70	109
11	2	116	127
8	4	24	70	12	59
8	4	37	33	76	48
7	7	103	94	96	14	30	134	58
7	7	61	93	97	32	31	114	86
9	4	134	96	114	30
9	1	87
6	9	47	98	109	110	37	111	18	56	24
6	6	48	110	76	107	37	12
4	7	135	13	121	92	10	57	60
4	10	136	14	139	94	11	58	122	61	137	93
2	13	17	123	140	142	35	115	6	117	106	131	43	4	49
2	3	5	0	1
10	1	89
10	1	90
1	11	107	54	20	73	2	80	53	119	78	69	27
1	11	108	55	21	74	3	81	113	120	79	112	28
